g =

   0.50000
   0.50000
   0.50000
   0.50000
   0.50000
   0.50000
   0.50000
   0.50000
   0.50000
   0.50000
   0.50000
   0.50000
   0.50000
   0.50000
   0.50000
   0.50000
   0.50000
   0.50000
   0.50000
   0.50000
   0.50000
   0.50000
   0.50000
   0.50000
   0.50000
   0.50000
   0.50000
   0.50000
   0.50000
   0.50000
   0.50000
   0.50000
   0.50000
   0.50000
   0.50000
   0.50000
   0.50000
   0.50000
   0.50000
   0.50000
   0.50000
   0.50000
   0.50000
   0.50000
   0.50000
   0.50000
   0.50000
   0.50000
   0.50000
   0.50000
   0.50000
   0.50000
   0.50000
   0.50000
   0.50000
   0.50000
   0.50000
   0.50000
   0.50000
   0.50000
   0.50000
   0.50000
   0.50000
   0.50000
   0.50000
   0.50000
   0.50000
   0.50000
   0.50000
   0.50000
   0.50000
   0.50000
   0.50000
   0.50000
   0.50000
   0.50000
   0.50000
   0.50000
   0.50000
   0.50000
   0.50000
   0.50000
   0.50000
   0.50000
   0.50000
   0.50000
   0.50000
   0.50000
   0.50000
   0.50000
   0.50000
   0.50000
   0.50000
   0.50000
   0.50000
   0.50000
   0.50000
   0.50000
   0.50000
   0.50000
   0.50000
   0.50000
   0.50000
   0.50000
   0.50000
   0.50000
   0.50000
   0.50000
   0.50000
   0.50000
   0.50000
   0.50000
   0.50000
   0.50000
   0.50000
   0.50000
   0.50000
   0.50000

g =

   0.50000
   0.50000
   0.50000
   0.50000
   0.50000
   0.50000
   0.50000
   0.50000
   0.50000
   0.50000
   0.50000
   0.50000
   0.50000
   0.50000
   0.50000
   0.50000
   0.50000
   0.50000
   0.50000
   0.50000
   0.50000
   0.50000
   0.50000
   0.50000
   0.50000
   0.50000
   0.50000
   0.50000
   0.50000
   0.50000
   0.50000
   0.50000
   0.50000
   0.50000
   0.50000
   0.50000
   0.50000
   0.50000
   0.50000
   0.50000
   0.50000
   0.50000
   0.50000
   0.50000
   0.50000
   0.50000
   0.50000
   0.50000
   0.50000
   0.50000
   0.50000
   0.50000
   0.50000
   0.50000
   0.50000
   0.50000
   0.50000
   0.50000
   0.50000
   0.50000
   0.50000
   0.50000
   0.50000
   0.50000
   0.50000
   0.50000
   0.50000
   0.50000
   0.50000
   0.50000
   0.50000
   0.50000
   0.50000
   0.50000
   0.50000
   0.50000
   0.50000
   0.50000
   0.50000
   0.50000
   0.50000
   0.50000
   0.50000
   0.50000
   0.50000
   0.50000
   0.50000
   0.50000
   0.50000
   0.50000
   0.50000
   0.50000
   0.50000
   0.50000
   0.50000
   0.50000
   0.50000
   0.50000
   0.50000
   0.50000
   0.50000
   0.50000
   0.50000
   0.50000
   0.50000
   0.50000
   0.50000
   0.50000
   0.50000
   0.50000
   0.50000
   0.50000
   0.50000
   0.50000
   0.50000
   0.50000
   0.50000
   0.50000

g =

   0.48482
   0.48721
   0.48825
   0.49314
   0.49416
   0.49605
   0.49650
   0.49696
   0.49657
   0.49638
   0.49506
   0.49344
   0.48989
   0.48655
   0.48058
   0.48388
   0.48791
   0.48130
   0.48763
   0.49157
   0.49281
   0.49557
   0.49694
   0.49737
   0.49696
   0.49624
   0.49424
   0.49107
   0.49098
   0.48615
   0.47601
   0.48371
   0.48906
   0.49304
   0.49496
   0.49626
   0.49685
   0.49625
   0.49567
   0.49565
   0.49456
   0.49232
   0.48886
   0.49118
   0.48559
   0.48523
   0.47374
   0.48740
   0.47680
   0.47955
   0.48741
   0.49219
   0.49046
   0.49393
   0.49527
   0.49580
   0.49619
   0.49674
   0.46765
   0.47763
   0.48315
   0.46878
   0.46474
   0.47356
   0.46844
   0.46105
   0.47343
   0.46819
   0.47218
   0.47935
   0.47936
   0.48393
   0.48640
   0.48793
   0.49328
   0.49386
   0.49378
   0.49535
   0.49594
   0.49672
   0.49643
   0.49710
   0.49757
   0.49729
   0.49732
   0.49688
   0.49594
   0.49158
   0.48942
   0.48061
   0.48289
   0.49037
   0.48041
   0.47261
   0.47041
   0.45689
   0.44406
   0.46889
   0.44720
   0.45276
   0.46705
   0.45543
   0.49707
   0.49747
   0.49699
   0.49751
   0.49714
   0.49654
   0.49715
   0.49742
   0.49766
   0.49714
   0.49574
   0.49395
   0.49412
   0.47675
   0.46723
   0.48802

g =

   0.48482
   0.48721
   0.48825
   0.49314
   0.49416
   0.49605
   0.49650
   0.49696
   0.49657
   0.49638
   0.49506
   0.49344
   0.48989
   0.48655
   0.48058
   0.48388
   0.48791
   0.48130
   0.48763
   0.49157
   0.49281
   0.49557
   0.49694
   0.49737
   0.49696
   0.49624
   0.49424
   0.49107
   0.49098
   0.48615
   0.47601
   0.48371
   0.48906
   0.49304
   0.49496
   0.49626
   0.49685
   0.49625
   0.49567
   0.49565
   0.49456
   0.49232
   0.48886
   0.49118
   0.48559
   0.48523
   0.47374
   0.48740
   0.47680
   0.47955
   0.48741
   0.49219
   0.49046
   0.49393
   0.49527
   0.49580
   0.49619
   0.49674
   0.46765
   0.47763
   0.48315
   0.46878
   0.46474
   0.47356
   0.46844
   0.46105
   0.47343
   0.46819
   0.47218
   0.47935
   0.47936
   0.48393
   0.48640
   0.48793
   0.49328
   0.49386
   0.49378
   0.49535
   0.49594
   0.49672
   0.49643
   0.49710
   0.49757
   0.49729
   0.49732
   0.49688
   0.49594
   0.49158
   0.48942
   0.48061
   0.48289
   0.49037
   0.48041
   0.47261
   0.47041
   0.45689
   0.44406
   0.46889
   0.44720
   0.45276
   0.46705
   0.45543
   0.49707
   0.49747
   0.49699
   0.49751
   0.49714
   0.49654
   0.49715
   0.49742
   0.49766
   0.49714
   0.49574
   0.49395
   0.49412
   0.47675
   0.46723
   0.48802

g =

   0.47713
   0.48071
   0.48226
   0.48959
   0.49112
   0.49396
   0.49462
   0.49532
   0.49474
   0.49445
   0.49247
   0.49005
   0.48472
   0.47971
   0.47078
   0.47573
   0.48175
   0.47186
   0.48134
   0.48724
   0.48909
   0.49323
   0.49529
   0.49592
   0.49532
   0.49424
   0.49124
   0.48649
   0.48636
   0.47912
   0.46395
   0.47547
   0.48348
   0.48944
   0.49232
   0.49427
   0.49516
   0.49426
   0.49338
   0.49335
   0.49172
   0.48837
   0.48317
   0.48665
   0.47827
   0.47774
   0.46056
   0.48098
   0.46513
   0.46924
   0.48100
   0.48817
   0.48558
   0.49078
   0.49278
   0.49357
   0.49416
   0.49499
   0.45147
   0.46637
   0.47462
   0.45315
   0.44712
   0.46029
   0.45265
   0.44164
   0.46009
   0.45227
   0.45822
   0.46894
   0.46895
   0.47580
   0.47949
   0.48178
   0.48981
   0.49067
   0.49055
   0.49291
   0.49379
   0.49495
   0.49453
   0.49553
   0.49624
   0.49581
   0.49586
   0.49520
   0.49378
   0.48725
   0.48402
   0.47082
   0.47424
   0.48544
   0.47053
   0.45887
   0.45559
   0.43545
   0.41646
   0.45332
   0.42109
   0.42932
   0.45057
   0.43329
   0.49548
   0.49608
   0.49536
   0.49614
   0.49558
   0.49469
   0.49560
   0.49601
   0.49637
   0.49559
   0.49348
   0.49080
   0.49106
   0.46505
   0.45083
   0.48192

g =

   0.47713
   0.48071
   0.48226
   0.48959
   0.49112
   0.49396
   0.49462
   0.49532
   0.49474
   0.49445
   0.49247
   0.49005
   0.48472
   0.47971
   0.47078
   0.47573
   0.48175
   0.47186
   0.48134
   0.48724
   0.48909
   0.49323
   0.49529
   0.49592
   0.49532
   0.49424
   0.49124
   0.48649
   0.48636
   0.47912
   0.46395
   0.47547
   0.48348
   0.48944
   0.49232
   0.49427
   0.49516
   0.49426
   0.49338
   0.49335
   0.49172
   0.48837
   0.48317
   0.48665
   0.47827
   0.47774
   0.46056
   0.48098
   0.46513
   0.46924
   0.48100
   0.48817
   0.48558
   0.49078
   0.49278
   0.49357
   0.49416
   0.49499
   0.45147
   0.46637
   0.47462
   0.45315
   0.44712
   0.46029
   0.45265
   0.44164
   0.46009
   0.45227
   0.45822
   0.46894
   0.46895
   0.47580
   0.47949
   0.48178
   0.48981
   0.49067
   0.49055
   0.49291
   0.49379
   0.49495
   0.49453
   0.49553
   0.49624
   0.49581
   0.49586
   0.49520
   0.49378
   0.48725
   0.48402
   0.47082
   0.47424
   0.48544
   0.47053
   0.45887
   0.45559
   0.43545
   0.41646
   0.45332
   0.42109
   0.42932
   0.45057
   0.43329
   0.49548
   0.49608
   0.49536
   0.49614
   0.49558
   0.49469
   0.49560
   0.49601
   0.49637
   0.49559
   0.49348
   0.49080
   0.49106
   0.46505
   0.45083
   0.48192

